


3 = 

	| 1-2.1	| 2-2.1|
	| 1-2.2 | 2-2.2|
	| 1-2.3 | 2-2.3|

	-1 0
	-3 -2
	-5 -4
	
At= 	-1 -3 -5
	0 -2 -4

4 = 
	
	11 12 13
	21 22 23
	31 32 33
	
	2 -3 -4
	-3 4 -5
	-4 -5 6



5 = 
	A = 
		
		11 12 13
		21 22 23
		31 32 33
		
		1 1 1
	       -1 1 1
		1 1 1
	B = 
		
	        -1 -1  0
		-1  0 -1
		 0 -1 -1	

	C = 
		
		2+3-1 | 2+6-1 | 2+9-1
		4+3-1 | 4+6-1 | 4+9-1
		6+3-1 | 6+6-1 | 6+9-1

		4 7  11
		6 9  13
		8 11 14

6 = 

	1 2 -3 |	+2 | 1 3  4
	4 5  0 |     	   |-2 0 -3
	
	1+2 2+6 -3+8
	4-4 5+0 0-6
	
	3 8  5
	0 5 -6

7 = 

	1.1+4.(-1)+0.5    | 1.(-1)+4.1+0.0
	1.1+(-3).(-1)+1.5 | 1.(-1)+(-3).1+1.0

	1+4+0 | -1+4+0
	1-3+5 | -1-3+1

	5 | 3
	3 | 3






Exercicio exemplo professora = 

A = 3 0
   -1 2
    1 1

B = 4 -1
    0  2

C = 1 4 2
    3 1 5



BC =
	      	c = 1    4	 2
		    3    1	 5
	B =  4 -1 | 4-3| 16-1	| 8 - 5
	     0  2 | 0+6| 0+2	| 0 + 10
			
		   1 15  3
		   6  2 10
	


	
AAt = 
	 
            	3 -1 1
	    	0  2 1
      	     ___________
	3 0 |	9 -3 3	|
       -1 2 |	-3 5 1	|
	1 1 |	 3 1 2	|


AtA = 

		 3 0 
	        -1 2
	 	 1 1
		 ____ 
	3 -1 1	| 11 -1
	0 2 1	| -1 5


Bt(CCt-AtA)

	


	
	
